cookie <- c(
  `_gcl_au` = "1.1.2142996120.1669601581",
  `luauid` = "122438709",
  `_gaexp` = "GAX1.3.xfrVZT2mS6qhgW0tZJSolA.19445.2!CE_dFK6FTvay0IzDJvJ04g.19454.0!S_V328lhQSataMle7tq92A.19456.1",
  `_hjSessionUser_1597014` = "eyJpZCI6ImMzNjM2OWI5LWEyYzctNWU0ZS1iNDlkLTk2ZDdjOTM4OWQ2ZiIsImNyZWF0ZWQiOjE2NzQxNzQxNDE5MTYsImV4aXN0aW5nIjp0cnVlfQ==",
  `_ga_D4915X27HH` = "GS1.1.1674174141.2.1.1674174162.0.0.0",
  `job_same_ab` = "2",
  `cust_same_ab` = "2",
  `c_job_view_job_info_nabi` = "7uxan,2004001007,2005003004,2004001005",
  `bprofile_history` = "[130000000120323,130000000102363]",
  `_gid` = "GA1.3.1745616765.1675408594",
  `_clck` = "3236o4|1|f8t|0",
  `ALGO_EXP_6019` = "D",
  `ALGO_EXP_12509` = "H",
  `_hjSessionUser_3218023` = "eyJpZCI6IjE2MTk5NjYwLTljMDMtNTVlYi1iNDI3LWZkMGMxMGRhODY1NyIsImNyZWF0ZWQiOjE2NzU0MDg4MzkwOTksImV4aXN0aW5nIjpmYWxzZX0=",
  `_hjFirstSeen` = "1",
  `_hjSession_3218023` = "eyJpZCI6ImIxNDdjOTgyLTI0MDgtNDFjNS1hMWJmLTg2YWQ3YjA4ZGIwMSIsImNyZWF0ZWQiOjE2NzU0MDg4NDAzOTksImluU2FtcGxlIjpmYWxzZX0=",
  `_hjAbsoluteSessionInProgress` = "1",
  `_clsk` = "qy2v35|1675408842868|1|1|m.clarity.ms/collect",
  `TS016ab800` = "01180e452d662fade62929049081bb68f30995321fe4e22d479dc86252daf6559a44b1512dd9f015c9911419af53f38425b66c03df6d687f1ebc0cd7e608c4d65fcad9fc78b373748d6bcf3c0dd7866a5cc12a0c67ec3aa50778434d67eb80ec805c691bb87aadc3c6280b0bd604d17c40db30ed93",
  `_dc_gtm_UA-15276226-1` = "1",
  `_gat_UA-15276226-1` = "1",
  `lup` = "122438709.5001489413863.4623532291991.1.4640712161167",
  `lunp` = "4623532291991",
  `_ga` = "GA1.1.518378205.1669601581",
  `_ga_W9X1GB1SVR` = "GS1.1.1675408593.22.1.1675409776.12.0.0",
  `_ga_FJWMQR9J2K` = "GS1.1.1675408593.22.1.1675409776.12.0.0",
  `_ga_WYQPBGBV8Z` = "GS1.1.1675408593.22.1.1675409776.12.0.0"
  )

header <- c(
  `Accept` = "application/json, text/javascript, */*; q=0.01",
  `Accept-Language` = "zh-TW,zh;q=0.9,en-US;q=0.8,en;q=0.7,zh-CN;q=0.6,ko;q=0.5",
  `Connection` = "keep-alive",
  `Referer` = "https://www.104.com.tw/jobs/search/?keyword=%E6%95%B8%E6%93%9A%E5%88%86%E6%9E%90&order=1&jobsource=2018indexpoc&ro=0",
  `Sec-Fetch-Dest` = "empty",
  `Sec-Fetch-Mode` = "cors",
  `Sec-Fetch-Site` = "same-origin",
  `User-Agent` = "Mozilla/5.0 (Macintosh; Intel Mac OS X 10_15_7) AppleWebKit/537.36 (KHTML, like Gecko) Chrome/109.0.0.0 Safari/537.36",
  `X-Requested-With` = "XMLHttpRequest",
  `sec-ch-ua` = '"Not_A Brand";v="99", "Google Chrome";v="109", "Chromium";v="109"',
  `sec-ch-ua-mobile` = "?0",
  `sec-ch-ua-platform` = '"macOS"'
)
